1119
4112
4740
6231
7306
7917
9626
11337
14726
16437
18140
19846
21557
23289
24987
24988
26717
28453
30171
31895
33632
34706
37052
38803
40568
42315
44094
45859
47620
49399
51174
52967
54775
56566
58310
60095
61882
63680
65447
67223
68992
70749
72503
74242
75958
77697
79411
81133
84565
86273
87996
89685
91372
93078
94762
96450
98154
99916
101683
103391
105095
106793
108507
110196
113571
115259
118615
120230
121880
123530
125147
126772
130031
131666
134975
136634
138177
139974
141672
143378
145116
146825
148578
150342
152119
153919
155708
157474
159265
161069
162855
164631
166419
168200
169951
171705
173437
175156
176892
178642
180343
182048
183771
185481
187233
189149
190697
192415
193920
195766
197452
202487
203317
204769
205585
206277
208246
209073
210772
212496
214236
215994
217705
219410
221131
222828
224523
226235
227950
229633
231320
233034