56
2902
5382
6596
8314
10036
11742
13435
15129
16833
18543
20249
21946
23663
25384
27097
28825
30555
32282
34007
37427
39187
40951
42697
44470
46232
47996
49775
51543
53342
55146
56934
58686
60473
62259
64049
65819
67598
69363
71120
72873
74613
76336
78075
79786
81510
83237
84949
86660
88383
90072
91760
93457
95145
96833
98532
100294
102058
103778
105484
107211
108897
110586
113978
115663
118987
120631
122275
125532
127160
130418
132054
133706
135362
137029
138693
140401
142051
143759
145478
147203
148966
150716
152493
154297
156080
157850
159648
161443
163211
164994
166784
168560
170313
172069
173795
175522
177259
178999
180709
182416
184132
185865
187605
189340
191107
192812
194481
196162
197846
199507
203440
206338
206892
207465
209424
211149
211150
212895
214632
216565
218094
219798
221513
223211
224900
226609
228321
230005
231693
233406
233401