7391
9110
10807
12514
14212
15906
17612
19318
21022
22748
24473
26189
27915
29649
31371
33090
34349
36559
38268
40041
41794
43559
45330
47098
48872
50643
52450
54250
56025
57794
59584
61359
63148
64926
66696
68463
70228
71964
73707
75439
77163
78886
80610
82328
84045
85878
87460
89160
90857
92546
94249
95934
97632
99398
101159
102873
104557
106284
107981
109671
111363
113060
114740
116411
118063
119708
121348
122989
124617
126246
127874
129507
131145
132787
134447
136114
141158
142852
144580
146308
151593
153399
155167
156955
158749
160532
162326
164111
165891
167668
169429
171170
172903
174640
176372
178108
179831
181541
183251
184981
186710
198599
200262
210217
212006
213709
217173
220593
222304
224008
225717
227413
229116
230812
232505
234212